5|6|7|8
12|23|34|45
5|6|7|8
1|2|3|4
12|23|34|45
234|234|234|234
123|123|123|13
5|6|7|8
1|2|3|4
12|23|34|45
234|234|234|234
123|123|123|13
1|2|3|4
5|6|7|8
1|2|3|4
12|23|34|45
234|234|234|234
5|6|7|8
1|2|3|4
12|23|34|45
234|234|234|234
123|123|123|13
5|6|7|8
1|2|3|4
12|23|34|45
234|234|234|234
123|123|123|13
1|2|3|4
5|6|7|8
12|23|34|45
234|234|234|234
5|6|7|8
1|2|3|4
12|23|34|45
234|234|234|234
123|123|123|13
5|6|7|8
1|2|3|4
12|23|34|45
234|234|234|234
123|123|123|13
1|2|3|4
5|6|7|8
1|2|3|4
12|23|34|45
234|234|234|234
5|6|7|8
1|2|3|4
12|23|34|45
234|234|234|234
123|123|123|13
5|6|7|8
1|2|3|4
12|23|34|45
234|234|234|234
123|123|123|13
1|2|3|4
